%YAML:1.0
cameraMatrixLeft: !!opencv-matrix
   rows: 3
   cols: 3
   dt: d
   data: [ 1., 1.6024240268031065e-10, 6.4096905560973028e-10,
       6.7210535053163767e-04, 1., 1.1227506944344410e+21,
       1.0128608021742203e-11, 1.0128607154380465e-11,
       1.6114466705463570e-10 ]
cameraMatrixRight: !!opencv-matrix
   rows: 3
   cols: 3
   dt: d
   data: [ 1., 1.6024240268031065e-10, 6.4096905560973028e-10,
       6.7210535053163767e-04, 1., 1.1227506944344410e+21,
       1.0071763735519657e-11, 1.0071763735519657e-11,
       1.6205416175640863e-10 ]
distCoeffLeft: !!opencv-matrix
   rows: 1
   cols: 5
   dt: d
   data: [ 0., 0., 0., 0., 0. ]
distCoeffRight: !!opencv-matrix
   rows: 1
   cols: 5
   dt: d
   data: [ 0., 0., 0., 0., 0. ]
rotationMatrix: !!opencv-matrix
   rows: 3
   cols: 3
   dt: d
   data: [ -3.4951289230052196e-02, -9.6841696635851759e-01,
       -2.4687443498694472e-01, 1.3437571276242127e-01,
       2.4022836868638114e-01, -9.6137063544601331e-01,
       9.9031387711207430e-01, -6.6775071300943289e-02,
       1.2173542891042610e-01 ]
translationMatrix: !!opencv-matrix
   rows: 3
   cols: 1
   dt: d
   data: [ 6.2421918543331479e+95, 2.2281251412657917e+97,
       -1.6099235726377863e+92 ]
essentialMatrix: !!opencv-matrix
   rows: 3
   cols: 3
   dt: d
   data: [ 2.2065454106840900e+97, -1.4877934768231193e+96,
       2.7122629240561444e+96, -6.1816729480376425e+95,
       4.1838188344954630e+94, -7.5949845375604667e+94,
       8.6263836049389566e+95, 2.1727497056337003e+97,
       4.9005653583443691e+96 ]
fundamentalMatrix: !!opencv-matrix
   rows: 3
   cols: 3
   dt: d
   data: [ 5.9038528688122403e-20, 5.8906019051305575e-41,
       -3.6823030001358305e-10, -2.2249908372599594e-41,
       -6.3607999922856017e-61, 4.5143018919829845e-30,
       -1.5978073008395091e-10, -1.5990314333675411e-31, 1. ]
