<?xml version="1.0"?>
<opencv_storage>
<cameraMatrix type_id="opencv-matrix">
  <rows>3</rows>
  <cols>3</cols>
  <dt>d</dt>
  <data>
    5.4292307294363832e+02 0. 3.6261117483848801e+02 0.
    5.4168586033487747e+02 2.2574897593929566e+02 0. 0. 1.</data></cameraMatrix>
<distCoeff type_id="opencv-matrix">
  <rows>1</rows>
  <cols>5</cols>
  <dt>d</dt>
  <data>
    -2.4243622010289848e-01 -4.1125515780679750e-01
    -1.7337182807695471e-03 3.1811327725526336e-03
    1.1272408931422626e+00</data></distCoeff>
<rvecs>
  <_ type_id="opencv-matrix">
    <rows>3</rows>
    <cols>1</cols>
    <dt>d</dt>
    <data>
      -3.5946743242608831e-01 -2.9776964120176492e+00
      7.4540859870655030e-01</data></_>
  <_ type_id="opencv-matrix">
    <rows>3</rows>
    <cols>1</cols>
    <dt>d</dt>
    <data>
      2.7900451576886171e-01 -2.8986763894108662e+00
      5.8225155482057189e-01</data></_>
  <_ type_id="opencv-matrix">
    <rows>3</rows>
    <cols>1</cols>
    <dt>d</dt>
    <data>
      2.7231511656918961e-01 -2.8956895842637933e+00
      5.8585575588741334e-01</data></_>
  <_ type_id="opencv-matrix">
    <rows>3</rows>
    <cols>1</cols>
    <dt>d</dt>
    <data>
      -2.0082624215311631e+00 -2.0343637259184053e+00
      8.8747021632392620e-02</data></_>
  <_ type_id="opencv-matrix">
    <rows>3</rows>
    <cols>1</cols>
    <dt>d</dt>
    <data>
      1.4792099802068764e-01 -2.7001749485457243e+00
      -5.5046645081555282e-02</data></_>
  <_ type_id="opencv-matrix">
    <rows>3</rows>
    <cols>1</cols>
    <dt>d</dt>
    <data>
      1.8778327595569158e+00 2.1665215938506028e+00
      6.6590950423175932e-01</data></_>
  <_ type_id="opencv-matrix">
    <rows>3</rows>
    <cols>1</cols>
    <dt>d</dt>
    <data>
      -4.3538732644965833e-01 -2.9424507824998405e+00
      -7.2855456871319779e-01</data></_>
  <_ type_id="opencv-matrix">
    <rows>3</rows>
    <cols>1</cols>
    <dt>d</dt>
    <data>
      -2.4562366692693827e+00 -2.2479813305394242e-01
      1.5554892824209685e-01</data></_>
  <_ type_id="opencv-matrix">
    <rows>3</rows>
    <cols>1</cols>
    <dt>d</dt>
    <data>
      2.3008207334535710e-01 2.4879698831494879e+00
      4.8546445283988666e-02</data></_>
  <_ type_id="opencv-matrix">
    <rows>3</rows>
    <cols>1</cols>
    <dt>d</dt>
    <data>
      4.3975401433643585e-01 -2.8151679871414532e+00
      1.9729345747661614e-01</data></_>
  <_ type_id="opencv-matrix">
    <rows>3</rows>
    <cols>1</cols>
    <dt>d</dt>
    <data>
      2.5531071413324247e-01 2.6572096468977744e+00
      2.4729915309812728e-01</data></_>
  <_ type_id="opencv-matrix">
    <rows>3</rows>
    <cols>1</cols>
    <dt>d</dt>
    <data>
      1.7175553099338228e+00 2.4608559846568996e+00
      -4.8144503754287626e-01</data></_>
  <_ type_id="opencv-matrix">
    <rows>3</rows>
    <cols>1</cols>
    <dt>d</dt>
    <data>
      -2.1768471760358823e+00 -2.1625643709390325e+00
      3.6383674527300996e-01</data></_></rvecs>
<tvecs>
  <_ type_id="opencv-matrix">
    <rows>3</rows>
    <cols>1</cols>
    <dt>d</dt>
    <data>
      1.8500721496241475e+00 -4.3669904307189151e+00
      1.2966534689479237e+01</data></_>
  <_ type_id="opencv-matrix">
    <rows>3</rows>
    <cols>1</cols>
    <dt>d</dt>
    <data>
      2.6500896776702882e+00 -3.3054567352753339e+00
      1.3111899690575608e+01</data></_>
  <_ type_id="opencv-matrix">
    <rows>3</rows>
    <cols>1</cols>
    <dt>d</dt>
    <data>
      2.6346754551345475e+00 -3.3086323610374926e+00
      1.3118829775964228e+01</data></_>
  <_ type_id="opencv-matrix">
    <rows>3</rows>
    <cols>1</cols>
    <dt>d</dt>
    <data>
      -3.6236367865567729e+00 -4.0577582869178013e+00
      1.6138436530996533e+01</data></_>
  <_ type_id="opencv-matrix">
    <rows>3</rows>
    <cols>1</cols>
    <dt>d</dt>
    <data>
      6.1231770246001345e+00 -2.3566094167658069e+00
      1.3818351166527016e+01</data></_>
  <_ type_id="opencv-matrix">
    <rows>3</rows>
    <cols>1</cols>
    <dt>d</dt>
    <data>
      -3.0789205182481814e+00 -3.0322290770020897e+00
      1.1227499753254364e+01</data></_>
  <_ type_id="opencv-matrix">
    <rows>3</rows>
    <cols>1</cols>
    <dt>d</dt>
    <data>
      8.9729985525504219e-01 -3.4501779276653743e+00
      1.1943395972644584e+01</data></_>
  <_ type_id="opencv-matrix">
    <rows>3</rows>
    <cols>1</cols>
    <dt>d</dt>
    <data>
      -2.8840809097284597e+00 3.5770178363359246e+00
      1.4123837717192105e+01</data></_>
  <_ type_id="opencv-matrix">
    <rows>3</rows>
    <cols>1</cols>
    <dt>d</dt>
    <data>
      1.3481821512623757e+00 -4.1840811623116272e+00
      1.3806017235361548e+01</data></_>
  <_ type_id="opencv-matrix">
    <rows>3</rows>
    <cols>1</cols>
    <dt>d</dt>
    <data>
      1.8830884175636825e-01 -2.5881866390890655e+00
      1.5845232031163247e+01</data></_>
  <_ type_id="opencv-matrix">
    <rows>3</rows>
    <cols>1</cols>
    <dt>d</dt>
    <data>
      1.3122501484536646e+00 -4.0927430530827777e+00
      1.2783082092109218e+01</data></_>
  <_ type_id="opencv-matrix">
    <rows>3</rows>
    <cols>1</cols>
    <dt>d</dt>
    <data>
      -2.0792101632736957e+00 -3.7793619305463446e+00
      1.2860907866656740e+01</data></_>
  <_ type_id="opencv-matrix">
    <rows>3</rows>
    <cols>1</cols>
    <dt>d</dt>
    <data>
      -4.4406076703889505e+00 -2.4430678029742654e+00
      1.3275462141134298e+01</data></_></tvecs>
</opencv_storage>
