%YAML:1.0
cameraMatrix: !!opencv-matrix
   rows: 3
   cols: 3
   dt: d
   data: [ 7.0477090361172384e+02, 0., 4.1045764008770226e+02, 0.,
       7.0476593318455878e+02, 3.0087957332961309e+02, 0., 0., 1. ]
distCoeff: !!opencv-matrix
   rows: 1
   cols: 5
   dt: d
   data: [ 1.2903680127283434e-02, 3.8115830185419963e-01,
       -2.3141465028370356e-04, 1.6844114118217998e-03,
       -1.1752838049090237e+00 ]
rvecs:
   - !!opencv-matrix
      rows: 3
      cols: 1
      dt: d
      data: [ 2.1848233907552137e+00, -2.2174762968843869e+00,
          1.1743037292087066e-01 ]
   - !!opencv-matrix
      rows: 3
      cols: 1
      dt: d
      data: [ 1.8330807120644519e+00, -1.8523505060208429e+00,
          6.3365495919768255e-01 ]
   - !!opencv-matrix
      rows: 3
      cols: 1
      dt: d
      data: [ 2.0234012784617157e+00, -1.5909920933368158e+00,
          4.8304977241382974e-01 ]
   - !!opencv-matrix
      rows: 3
      cols: 1
      dt: d
      data: [ 1.5578291629025838e+00, -2.1739208430588572e+00,
          9.3993480010791552e-01 ]
   - !!opencv-matrix
      rows: 3
      cols: 1
      dt: d
      data: [ 1.4479126092423209e+00, -2.0446825587238187e+00,
          1.1342987888872125e+00 ]
   - !!opencv-matrix
      rows: 3
      cols: 1
      dt: d
      data: [ 1.6935711691957671e+00, -1.7330292885028165e+00,
          8.8837491709614691e-01 ]
   - !!opencv-matrix
      rows: 3
      cols: 1
      dt: d
      data: [ 1.3490225901790989e+00, -2.4543005960930553e+00,
          1.8092649607224337e-01 ]
   - !!opencv-matrix
      rows: 3
      cols: 1
      dt: d
      data: [ -2.1281105752990426e+00, 2.0145963299854937e+00,
          -6.2914930350173892e-01 ]
   - !!opencv-matrix
      rows: 3
      cols: 1
      dt: d
      data: [ 1.8228242748992773e+00, -2.0221215508683681e+00,
          -2.0616815356100873e-01 ]
   - !!opencv-matrix
      rows: 3
      cols: 1
      dt: d
      data: [ -2.0344653619607724e+00, 2.0440704608207612e+00,
          3.1903347917412489e-01 ]
   - !!opencv-matrix
      rows: 3
      cols: 1
      dt: d
      data: [ -2.4529401104020638e+00, 1.7659587338002927e+00,
          3.6173651846678462e-01 ]
   - !!opencv-matrix
      rows: 3
      cols: 1
      dt: d
      data: [ -1.7129430845920866e+00, 2.2267207846023709e+00,
          7.4503520884959790e-02 ]
   - !!opencv-matrix
      rows: 3
      cols: 1
      dt: d
      data: [ 1.1956866147832408e+00, -2.2174022324359037e+00,
          1.1276555404827733e+00 ]
   - !!opencv-matrix
      rows: 3
      cols: 1
      dt: d
      data: [ 9.9056685470920647e-01, -2.4433407405329732e+00,
          1.1671315989473132e+00 ]
   - !!opencv-matrix
      rows: 3
      cols: 1
      dt: d
      data: [ 1.8653941756090233e+00, -1.8796430308070295e+00,
          7.5116939621668244e-01 ]
   - !!opencv-matrix
      rows: 3
      cols: 1
      dt: d
      data: [ 1.7792393257993127e+00, -2.3667199808737709e+00,
          6.2626292510927839e-01 ]
   - !!opencv-matrix
      rows: 3
      cols: 1
      dt: d
      data: [ 2.4694136968331684e+00, -1.5124478468573004e+00,
          3.9683512520502023e-01 ]
   - !!opencv-matrix
      rows: 3
      cols: 1
      dt: d
      data: [ 2.0729885356822813e+00, -2.0846586026488447e+00,
          4.2220344682520805e-01 ]
   - !!opencv-matrix
      rows: 3
      cols: 1
      dt: d
      data: [ 1.9394339714663444e+00, -2.0068561124024908e+00,
          6.0726279870504707e-01 ]
tvecs:
   - !!opencv-matrix
      rows: 3
      cols: 1
      dt: d
      data: [ 4.1014032188043830e+00, 2.2086164194582070e+00,
          1.5099051765892570e+01 ]
   - !!opencv-matrix
      rows: 3
      cols: 1
      dt: d
      data: [ 3.2155510952131539e+00, 1.9153770010576956e+00,
          1.9550929281454696e+01 ]
   - !!opencv-matrix
      rows: 3
      cols: 1
      dt: d
      data: [ 1.8779811810170091e+00, 2.0454152593601655e+00,
          1.3186869371914220e+01 ]
   - !!opencv-matrix
      rows: 3
      cols: 1
      dt: d
      data: [ 4.3933590942187450e+00, 1.0423598185717140e+00,
          1.6765975379751449e+01 ]
   - !!opencv-matrix
      rows: 3
      cols: 1
      dt: d
      data: [ 4.2323150652085522e+00, -4.5954500250183655e-01,
          1.4294750794369078e+01 ]
   - !!opencv-matrix
      rows: 3
      cols: 1
      dt: d
      data: [ 3.3669301851724929e+00, 6.1087655548991593e-01,
          1.1995950834346127e+01 ]
   - !!opencv-matrix
      rows: 3
      cols: 1
      dt: d
      data: [ 4.1374246836070192e+00, 5.6029557928132467e-01,
          1.6592002133948910e+01 ]
   - !!opencv-matrix
      rows: 3
      cols: 1
      dt: d
      data: [ 5.0765063959520935e+00, 3.2972565029550878e+00,
          1.3817310469696391e+01 ]
   - !!opencv-matrix
      rows: 3
      cols: 1
      dt: d
      data: [ 1.1719723787551042e+00, 2.2910046095821452e+00,
          1.3016101221858728e+01 ]
   - !!opencv-matrix
      rows: 3
      cols: 1
      dt: d
      data: [ 4.9850780687229905e+00, 4.6851698106559754e+00,
          1.4785820553194686e+01 ]
   - !!opencv-matrix
      rows: 3
      cols: 1
      dt: d
      data: [ 2.1025019474876627e+00, 4.8975214536607528e+00,
          1.5692576376347704e+01 ]
   - !!opencv-matrix
      rows: 3
      cols: 1
      dt: d
      data: [ 4.6234023239871762e+00, 2.5336440608022550e+00,
          1.5756817224169509e+01 ]
   - !!opencv-matrix
      rows: 3
      cols: 1
      dt: d
      data: [ 4.8007827494800583e+00, -7.1945475617715748e-01,
          1.6957076063204880e+01 ]
   - !!opencv-matrix
      rows: 3
      cols: 1
      dt: d
      data: [ 5.5610301461663507e+00, -2.3370730145418195e+00,
          1.6491422549595143e+01 ]
   - !!opencv-matrix
      rows: 3
      cols: 1
      dt: d
      data: [ 3.4302515931621951e+00, 1.7238957467543976e+00,
          1.4566682206051052e+01 ]
   - !!opencv-matrix
      rows: 3
      cols: 1
      dt: d
      data: [ 4.7961545821658111e+00, 1.0862747775698252e+00,
          1.6708310322949320e+01 ]
   - !!opencv-matrix
      rows: 3
      cols: 1
      dt: d
      data: [ 6.2389863633106357e-01, 2.8160211092727376e+00,
          1.7144875565728665e+01 ]
   - !!opencv-matrix
      rows: 3
      cols: 1
      dt: d
      data: [ 3.4824016270384237e+00, 2.2692577713775277e+00,
          1.8701519453576005e+01 ]
   - !!opencv-matrix
      rows: 3
      cols: 1
      dt: d
      data: [ 3.5525932356921786e+00, 1.3166825737533949e+00,
          1.5681191429972616e+01 ]
